{
 "cells": [
  {
   "cell_type": "code",
   "execution_count": 1,
   "metadata": {},
   "outputs": [
    {
     "data": {
      "text/html": [
       "<script>requirejs.config({paths: { 'plotly': ['https://cdn.plot.ly/plotly-latest.min']},});if(!window.Plotly) {{require(['plotly'],function(plotly) {window.Plotly=plotly;});}}</script>"
      ],
      "text/vnd.plotly.v1+html": [
       "<script>requirejs.config({paths: { 'plotly': ['https://cdn.plot.ly/plotly-latest.min']},});if(!window.Plotly) {{require(['plotly'],function(plotly) {window.Plotly=plotly;});}}</script>"
      ]
     },
     "metadata": {},
     "output_type": "display_data"
    }
   ],
   "source": [
    "import os\n",
    "import numpy as np\n",
    "import pandas as pd\n",
    "import pickle\n",
    "import quandl\n",
    "from datetime import datetime\n",
    "import matplotlib.pyplot as plt\n",
    "import plotly.offline as py\n",
    "import plotly.graph_objs as go\n",
    "import plotly.figure_factory as ff\n",
    "py.init_notebook_mode(connected=True)\n",
    "import cufflinks as cf\n",
    "# print(cf.__version__)"
   ]
  },
  {
   "cell_type": "code",
   "execution_count": 3,
   "metadata": {
    "scrolled": true
   },
   "outputs": [
    {
     "data": {
      "text/html": [
       "<div>\n",
       "<style scoped>\n",
       "    .dataframe tbody tr th:only-of-type {\n",
       "        vertical-align: middle;\n",
       "    }\n",
       "\n",
       "    .dataframe tbody tr th {\n",
       "        vertical-align: top;\n",
       "    }\n",
       "\n",
       "    .dataframe thead th {\n",
       "        text-align: right;\n",
       "    }\n",
       "</style>\n",
       "<table border=\"1\" class=\"dataframe\">\n",
       "  <thead>\n",
       "    <tr style=\"text-align: right;\">\n",
       "      <th></th>\n",
       "      <th>Unnamed: 0</th>\n",
       "      <th>title</th>\n",
       "      <th>author</th>\n",
       "      <th>views</th>\n",
       "      <th>shares</th>\n",
       "      <th>body</th>\n",
       "      <th>comments</th>\n",
       "      <th>alltags</th>\n",
       "      <th>sent_scaled</th>\n",
       "      <th>p</th>\n",
       "      <th>n</th>\n",
       "      <th>date</th>\n",
       "      <th>popularity</th>\n",
       "    </tr>\n",
       "  </thead>\n",
       "  <tbody>\n",
       "    <tr>\n",
       "      <th>0</th>\n",
       "      <td>391</td>\n",
       "      <td>'Bitcoin is a currency': Federal judge says vi...</td>\n",
       "      <td>Cecilia Grigolia</td>\n",
       "      <td>94</td>\n",
       "      <td>0</td>\n",
       "      <td>As it is known, Bitcoin is a digital currency,...</td>\n",
       "      <td>0</td>\n",
       "      <td>#Bitcoin News    #Bitcoin Regulation    #USA</td>\n",
       "      <td>-0.329151</td>\n",
       "      <td>2</td>\n",
       "      <td>10</td>\n",
       "      <td>2013-08-08</td>\n",
       "      <td>94</td>\n",
       "    </tr>\n",
       "    <tr>\n",
       "      <th>1</th>\n",
       "      <td>390</td>\n",
       "      <td>NY regulator may break down on Bitcoin</td>\n",
       "      <td>Cecilia Grigolia</td>\n",
       "      <td>106</td>\n",
       "      <td>0</td>\n",
       "      <td>New York financial regulators are concerned ab...</td>\n",
       "      <td>0</td>\n",
       "      <td>#Bitcoin Regulation    #New York    #USA    ...</td>\n",
       "      <td>-0.216216</td>\n",
       "      <td>6</td>\n",
       "      <td>13</td>\n",
       "      <td>2013-08-12</td>\n",
       "      <td>106</td>\n",
       "    </tr>\n",
       "    <tr>\n",
       "      <th>2</th>\n",
       "      <td>798</td>\n",
       "      <td>Senate pressing regulators on Bitcoin risks an...</td>\n",
       "      <td>Eric Barrier</td>\n",
       "      <td>45</td>\n",
       "      <td>0</td>\n",
       "      <td>A Senate homeland security committee seeks exp...</td>\n",
       "      <td>0</td>\n",
       "      <td>#Bitcoin News    #Bitcoin Regulation    #USA</td>\n",
       "      <td>-0.104247</td>\n",
       "      <td>6</td>\n",
       "      <td>9</td>\n",
       "      <td>2013-08-13</td>\n",
       "      <td>45</td>\n",
       "    </tr>\n",
       "  </tbody>\n",
       "</table>\n",
       "</div>"
      ],
      "text/plain": [
       "   Unnamed: 0                                              title  \\\n",
       "0         391  'Bitcoin is a currency': Federal judge says vi...   \n",
       "1         390             NY regulator may break down on Bitcoin   \n",
       "2         798  Senate pressing regulators on Bitcoin risks an...   \n",
       "\n",
       "             author  views  shares  \\\n",
       "0  Cecilia Grigolia     94       0   \n",
       "1  Cecilia Grigolia    106       0   \n",
       "2      Eric Barrier     45       0   \n",
       "\n",
       "                                                body  comments  \\\n",
       "0  As it is known, Bitcoin is a digital currency,...         0   \n",
       "1  New York financial regulators are concerned ab...         0   \n",
       "2  A Senate homeland security committee seeks exp...         0   \n",
       "\n",
       "                                             alltags  sent_scaled  p   n  \\\n",
       "0     #Bitcoin News    #Bitcoin Regulation    #USA      -0.329151  2  10   \n",
       "1    #Bitcoin Regulation    #New York    #USA    ...    -0.216216  6  13   \n",
       "2     #Bitcoin News    #Bitcoin Regulation    #USA      -0.104247  6   9   \n",
       "\n",
       "         date  popularity  \n",
       "0  2013-08-08          94  \n",
       "1  2013-08-12         106  \n",
       "2  2013-08-13          45  "
      ]
     },
     "execution_count": 3,
     "metadata": {},
     "output_type": "execute_result"
    }
   ],
   "source": [
    "reg = pd.read_csv('dfsent02.csv',encoding=\"ISO-8859-1\")\n",
    "reg.head(3)"
   ]
  },
  {
   "cell_type": "code",
   "execution_count": 8,
   "metadata": {},
   "outputs": [
    {
     "data": {
      "text/html": [
       "<div>\n",
       "<style scoped>\n",
       "    .dataframe tbody tr th:only-of-type {\n",
       "        vertical-align: middle;\n",
       "    }\n",
       "\n",
       "    .dataframe tbody tr th {\n",
       "        vertical-align: top;\n",
       "    }\n",
       "\n",
       "    .dataframe thead th {\n",
       "        text-align: right;\n",
       "    }\n",
       "</style>\n",
       "<table border=\"1\" class=\"dataframe\">\n",
       "  <thead>\n",
       "    <tr style=\"text-align: right;\">\n",
       "      <th></th>\n",
       "      <th>date</th>\n",
       "      <th>ETH</th>\n",
       "      <th>LTC</th>\n",
       "      <th>XRP</th>\n",
       "      <th>ETC</th>\n",
       "      <th>DASH</th>\n",
       "      <th>XMR</th>\n",
       "      <th>BCH</th>\n",
       "      <th>BTC</th>\n",
       "    </tr>\n",
       "  </thead>\n",
       "  <tbody>\n",
       "    <tr>\n",
       "      <th>0</th>\n",
       "      <td>2015-01-01</td>\n",
       "      <td>NaN</td>\n",
       "      <td>2.711091</td>\n",
       "      <td>0.024008</td>\n",
       "      <td>NaN</td>\n",
       "      <td>1.978678</td>\n",
       "      <td>0.449231</td>\n",
       "      <td>NaN</td>\n",
       "      <td>316.768392</td>\n",
       "    </tr>\n",
       "    <tr>\n",
       "      <th>1</th>\n",
       "      <td>2015-01-02</td>\n",
       "      <td>NaN</td>\n",
       "      <td>2.685418</td>\n",
       "      <td>0.024511</td>\n",
       "      <td>NaN</td>\n",
       "      <td>1.974292</td>\n",
       "      <td>0.455994</td>\n",
       "      <td>NaN</td>\n",
       "      <td>315.785146</td>\n",
       "    </tr>\n",
       "    <tr>\n",
       "      <th>2</th>\n",
       "      <td>2015-01-03</td>\n",
       "      <td>NaN</td>\n",
       "      <td>2.389670</td>\n",
       "      <td>0.022297</td>\n",
       "      <td>NaN</td>\n",
       "      <td>1.818238</td>\n",
       "      <td>0.473959</td>\n",
       "      <td>NaN</td>\n",
       "      <td>301.512433</td>\n",
       "    </tr>\n",
       "  </tbody>\n",
       "</table>\n",
       "</div>"
      ],
      "text/plain": [
       "         date  ETH       LTC       XRP  ETC      DASH       XMR  BCH  \\\n",
       "0  2015-01-01  NaN  2.711091  0.024008  NaN  1.978678  0.449231  NaN   \n",
       "1  2015-01-02  NaN  2.685418  0.024511  NaN  1.974292  0.455994  NaN   \n",
       "2  2015-01-03  NaN  2.389670  0.022297  NaN  1.818238  0.473959  NaN   \n",
       "\n",
       "          BTC  \n",
       "0  316.768392  \n",
       "1  315.785146  \n",
       "2  301.512433  "
      ]
     },
     "execution_count": 8,
     "metadata": {},
     "output_type": "execute_result"
    }
   ],
   "source": [
    "prices = pd.read_csv('C:/Users/bridge/deda/regrisk/NLPnML/combined_df.csv')\n",
    "prices.head(3)"
   ]
  },
  {
   "cell_type": "code",
   "execution_count": 31,
   "metadata": {},
   "outputs": [],
   "source": [
    "y15 = '2015-01-01'\n",
    "y16 = '2016-01-01'\n",
    "y17 = '2017-01-01'\n",
    "y18 = '2018-01-01'\n",
    "end = '2018-05-31'"
   ]
  },
  {
   "cell_type": "code",
   "execution_count": 32,
   "metadata": {},
   "outputs": [],
   "source": [
    "def country_filter(country):\n",
    "    number_find = []\n",
    "    tag = str(country)\n",
    "    for i in range(0,len(reg['alltags'])):\n",
    "        if tag in str(reg['alltags'][i]):\n",
    "            number_find.append(i)\n",
    "    return number_find\n",
    "\n",
    "# country_filter('#Japan')\n",
    "def country_corr(country,i,fromdate,todate):\n",
    "    reg_japan=reg.loc[reg.index.isin(country_filter(country))]\n",
    "    reg_japan=reg_japan[['title','sent_scaled','date','popularity']]\n",
    "\n",
    "    reg_japan.index = reg_japan['date']\n",
    "    del(reg_japan['date'])\n",
    "    prices.index = prices['date']\n",
    "    pricesx = prices.fillna(0)\n",
    "    pricesx=pricesx.drop(pricesx.columns[[0]], axis=1)\n",
    "\n",
    "    prices1 = -pricesx.diff(periods=-1)\n",
    "    prices7 = -pricesx.diff(periods=-i)\n",
    "    prices30 = -pricesx.diff(periods=-30)\n",
    "\n",
    "    cor_japan7 = reg_japan.merge(prices7, how='outer', left_index=True, right_index=True)\n",
    "    cor_japan7 = cor_japan7[np.isfinite(cor_japan7['popularity'])]\n",
    "    # cor_japan7.index = cor_japan7['date']\n",
    "    # del(cor_japan7['date'])\n",
    "    cor_japan7 = cor_japan7.drop(cor_japan7.columns[[0]], axis=1)\n",
    "    cor_japan7_year = cor_japan7.loc[fromdate:todate]\n",
    "    corr_country = cor_japan7_year\n",
    "    return corr_country.pct_change().corr(method='pearson')"
   ]
  },
  {
   "cell_type": "code",
   "execution_count": 10,
   "metadata": {},
   "outputs": [],
   "source": [
    "def correlation_heatmap(df, title, absolute_bounds=True):\n",
    "    '''Plot a correlation heatmap for the entire dataframe'''\n",
    "    heatmap = go.Heatmap(\n",
    "        z=df.corr(method='pearson').as_matrix(),\n",
    "        x=df.columns,\n",
    "        y=df.columns,\n",
    "        colorbar=dict(title='Pearson Coefficient'),\n",
    "    )\n",
    "    \n",
    "    layout = go.Layout(title=title)\n",
    "    \n",
    "    if absolute_bounds:\n",
    "        heatmap['zmax'] = 1.0\n",
    "        heatmap['zmin'] = -1.0\n",
    "        \n",
    "    fig = go.Figure(data=[heatmap], layout=layout)\n",
    "    py.iplot(fig)"
   ]
  },
  {
   "cell_type": "code",
   "execution_count": 34,
   "metadata": {},
   "outputs": [],
   "source": [
    "def country_hm(country,i,fromdate,todate):\n",
    "    reg_japan=reg.loc[reg.index.isin(country_filter(country))]\n",
    "    reg_japan=reg_japan[['title','sent_scaled','date','popularity']]\n",
    "\n",
    "    reg_japan.index = reg_japan['date']\n",
    "    del(reg_japan['date'])\n",
    "    prices.index = prices['date']\n",
    "    pricesx = prices.fillna(0)\n",
    "    pricesx=pricesx.drop(pricesx.columns[[0]], axis=1)\n",
    "\n",
    "    prices1 = -pricesx.diff(periods=-1)\n",
    "    prices7 = -pricesx.diff(periods=-i)\n",
    "    prices30 = -pricesx.diff(periods=-30)\n",
    "\n",
    "    cor_japan7 = reg_japan.merge(prices7, how='outer', left_index=True, right_index=True)\n",
    "    cor_japan7 = cor_japan7[np.isfinite(cor_japan7['popularity'])]\n",
    "    # cor_japan7.index = cor_japan7['date']\n",
    "    # del(cor_japan7['date'])\n",
    "    cor_japan7 = cor_japan7.drop(cor_japan7.columns[[0]], axis=1)\n",
    "    cor_japan7_year = cor_japan7.loc[fromdate:todate]\n",
    "    corr_country = cor_japan7_year\n",
    "#     zz = country_corr.round(2)\n",
    "#     z = zz.values\n",
    "#     fig = ff.create_annotated_heatmap(z)\n",
    "#     py.iplot(fig, filename='annotated_heatmap')\n",
    "    return correlation_heatmap(corr_country.pct_change(), \"Cryptocurrency Correlations in 2016\")"
   ]
  },
  {
   "cell_type": "code",
   "execution_count": 62,
   "metadata": {},
   "outputs": [
    {
     "data": {
      "text/html": [
       "<div>\n",
       "<style scoped>\n",
       "    .dataframe tbody tr th:only-of-type {\n",
       "        vertical-align: middle;\n",
       "    }\n",
       "\n",
       "    .dataframe tbody tr th {\n",
       "        vertical-align: top;\n",
       "    }\n",
       "\n",
       "    .dataframe thead th {\n",
       "        text-align: right;\n",
       "    }\n",
       "</style>\n",
       "<table border=\"1\" class=\"dataframe\">\n",
       "  <thead>\n",
       "    <tr style=\"text-align: right;\">\n",
       "      <th></th>\n",
       "      <th>sent_scaled</th>\n",
       "      <th>popularity</th>\n",
       "      <th>ETH</th>\n",
       "      <th>LTC</th>\n",
       "      <th>XRP</th>\n",
       "      <th>ETC</th>\n",
       "      <th>DASH</th>\n",
       "      <th>XMR</th>\n",
       "      <th>BCH</th>\n",
       "      <th>BTC</th>\n",
       "    </tr>\n",
       "  </thead>\n",
       "  <tbody>\n",
       "    <tr>\n",
       "      <th>sent_scaled</th>\n",
       "      <td>1.000000</td>\n",
       "      <td>0.296624</td>\n",
       "      <td>0.035321</td>\n",
       "      <td>-0.092083</td>\n",
       "      <td>-0.372398</td>\n",
       "      <td>0.095711</td>\n",
       "      <td>-0.389267</td>\n",
       "      <td>-0.395963</td>\n",
       "      <td>NaN</td>\n",
       "      <td>-0.212007</td>\n",
       "    </tr>\n",
       "    <tr>\n",
       "      <th>popularity</th>\n",
       "      <td>0.296624</td>\n",
       "      <td>1.000000</td>\n",
       "      <td>0.289081</td>\n",
       "      <td>-0.474225</td>\n",
       "      <td>-0.642687</td>\n",
       "      <td>0.529249</td>\n",
       "      <td>0.461367</td>\n",
       "      <td>0.177869</td>\n",
       "      <td>NaN</td>\n",
       "      <td>-0.413203</td>\n",
       "    </tr>\n",
       "    <tr>\n",
       "      <th>ETH</th>\n",
       "      <td>0.035321</td>\n",
       "      <td>0.289081</td>\n",
       "      <td>1.000000</td>\n",
       "      <td>-0.263720</td>\n",
       "      <td>-0.066034</td>\n",
       "      <td>0.984932</td>\n",
       "      <td>0.196393</td>\n",
       "      <td>0.184253</td>\n",
       "      <td>NaN</td>\n",
       "      <td>-0.168508</td>\n",
       "    </tr>\n",
       "    <tr>\n",
       "      <th>LTC</th>\n",
       "      <td>-0.092083</td>\n",
       "      <td>-0.474225</td>\n",
       "      <td>-0.263720</td>\n",
       "      <td>1.000000</td>\n",
       "      <td>0.533581</td>\n",
       "      <td>0.278106</td>\n",
       "      <td>-0.741605</td>\n",
       "      <td>-0.409556</td>\n",
       "      <td>NaN</td>\n",
       "      <td>0.972330</td>\n",
       "    </tr>\n",
       "    <tr>\n",
       "      <th>XRP</th>\n",
       "      <td>-0.372398</td>\n",
       "      <td>-0.642687</td>\n",
       "      <td>-0.066034</td>\n",
       "      <td>0.533581</td>\n",
       "      <td>1.000000</td>\n",
       "      <td>-0.403830</td>\n",
       "      <td>-0.411031</td>\n",
       "      <td>-0.069849</td>\n",
       "      <td>NaN</td>\n",
       "      <td>0.506866</td>\n",
       "    </tr>\n",
       "    <tr>\n",
       "      <th>ETC</th>\n",
       "      <td>0.095711</td>\n",
       "      <td>0.529249</td>\n",
       "      <td>0.984932</td>\n",
       "      <td>0.278106</td>\n",
       "      <td>-0.403830</td>\n",
       "      <td>1.000000</td>\n",
       "      <td>-0.097238</td>\n",
       "      <td>-0.603158</td>\n",
       "      <td>NaN</td>\n",
       "      <td>0.257497</td>\n",
       "    </tr>\n",
       "    <tr>\n",
       "      <th>DASH</th>\n",
       "      <td>-0.389267</td>\n",
       "      <td>0.461367</td>\n",
       "      <td>0.196393</td>\n",
       "      <td>-0.741605</td>\n",
       "      <td>-0.411031</td>\n",
       "      <td>-0.097238</td>\n",
       "      <td>1.000000</td>\n",
       "      <td>0.707100</td>\n",
       "      <td>NaN</td>\n",
       "      <td>-0.620604</td>\n",
       "    </tr>\n",
       "    <tr>\n",
       "      <th>XMR</th>\n",
       "      <td>-0.395963</td>\n",
       "      <td>0.177869</td>\n",
       "      <td>0.184253</td>\n",
       "      <td>-0.409556</td>\n",
       "      <td>-0.069849</td>\n",
       "      <td>-0.603158</td>\n",
       "      <td>0.707100</td>\n",
       "      <td>1.000000</td>\n",
       "      <td>NaN</td>\n",
       "      <td>-0.372398</td>\n",
       "    </tr>\n",
       "    <tr>\n",
       "      <th>BCH</th>\n",
       "      <td>NaN</td>\n",
       "      <td>NaN</td>\n",
       "      <td>NaN</td>\n",
       "      <td>NaN</td>\n",
       "      <td>NaN</td>\n",
       "      <td>NaN</td>\n",
       "      <td>NaN</td>\n",
       "      <td>NaN</td>\n",
       "      <td>NaN</td>\n",
       "      <td>NaN</td>\n",
       "    </tr>\n",
       "    <tr>\n",
       "      <th>BTC</th>\n",
       "      <td>-0.212007</td>\n",
       "      <td>-0.413203</td>\n",
       "      <td>-0.168508</td>\n",
       "      <td>0.972330</td>\n",
       "      <td>0.506866</td>\n",
       "      <td>0.257497</td>\n",
       "      <td>-0.620604</td>\n",
       "      <td>-0.372398</td>\n",
       "      <td>NaN</td>\n",
       "      <td>1.000000</td>\n",
       "    </tr>\n",
       "  </tbody>\n",
       "</table>\n",
       "</div>"
      ],
      "text/plain": [
       "             sent_scaled  popularity       ETH       LTC       XRP       ETC  \\\n",
       "sent_scaled     1.000000    0.296624  0.035321 -0.092083 -0.372398  0.095711   \n",
       "popularity      0.296624    1.000000  0.289081 -0.474225 -0.642687  0.529249   \n",
       "ETH             0.035321    0.289081  1.000000 -0.263720 -0.066034  0.984932   \n",
       "LTC            -0.092083   -0.474225 -0.263720  1.000000  0.533581  0.278106   \n",
       "XRP            -0.372398   -0.642687 -0.066034  0.533581  1.000000 -0.403830   \n",
       "ETC             0.095711    0.529249  0.984932  0.278106 -0.403830  1.000000   \n",
       "DASH           -0.389267    0.461367  0.196393 -0.741605 -0.411031 -0.097238   \n",
       "XMR            -0.395963    0.177869  0.184253 -0.409556 -0.069849 -0.603158   \n",
       "BCH                  NaN         NaN       NaN       NaN       NaN       NaN   \n",
       "BTC            -0.212007   -0.413203 -0.168508  0.972330  0.506866  0.257497   \n",
       "\n",
       "                 DASH       XMR  BCH       BTC  \n",
       "sent_scaled -0.389267 -0.395963  NaN -0.212007  \n",
       "popularity   0.461367  0.177869  NaN -0.413203  \n",
       "ETH          0.196393  0.184253  NaN -0.168508  \n",
       "LTC         -0.741605 -0.409556  NaN  0.972330  \n",
       "XRP         -0.411031 -0.069849  NaN  0.506866  \n",
       "ETC         -0.097238 -0.603158  NaN  0.257497  \n",
       "DASH         1.000000  0.707100  NaN -0.620604  \n",
       "XMR          0.707100  1.000000  NaN -0.372398  \n",
       "BCH               NaN       NaN  NaN       NaN  \n",
       "BTC         -0.620604 -0.372398  NaN  1.000000  "
      ]
     },
     "execution_count": 62,
     "metadata": {},
     "output_type": "execute_result"
    }
   ],
   "source": [
    "country_corr('USA',1,y16,y17)"
   ]
  },
  {
   "cell_type": "code",
   "execution_count": 35,
   "metadata": {
    "scrolled": true
   },
   "outputs": [
    {
     "name": "stderr",
     "output_type": "stream",
     "text": [
      "C:\\Users\\bridge\\Anaconda3\\lib\\site-packages\\ipykernel_launcher.py:4: FutureWarning:\n",
      "\n",
      "Method .as_matrix will be removed in a future version. Use .values instead.\n",
      "\n"
     ]
    },
    {
     "data": {
      "application/vnd.plotly.v1+json": {
       "data": [
        {
         "colorbar": {
          "title": "Pearson Coefficient"
         },
         "type": "heatmap",
         "x": [
          "sent_scaled",
          "popularity",
          "ETH",
          "LTC",
          "XRP",
          "ETC",
          "DASH",
          "XMR",
          "BCH",
          "BTC"
         ],
         "y": [
          "sent_scaled",
          "popularity",
          "ETH",
          "LTC",
          "XRP",
          "ETC",
          "DASH",
          "XMR",
          "BCH",
          "BTC"
         ],
         "z": [
          [
           1,
           0.034565278520239134,
           0.034791418457358524,
           -0.054951130060223986,
           0.012672487919303569,
           0.03348842783383334,
           -0.03277897592536273,
           0.04353298670455671,
           0.01001955906908985,
           -0.021626203943088635
          ],
          [
           0.034565278520239134,
           1,
           0.1745534137544322,
           -0.11186376504671476,
           0.38024645618478387,
           0.07828242251274019,
           -0.2162565821748592,
           0.04191223227807074,
           0.2569104370428169,
           0.15260685496700915
          ],
          [
           0.034791418457358524,
           0.1745534137544322,
           1,
           0.25168835612637475,
           0.41544026899618514,
           0.15359895270005583,
           0.11293622461722087,
           -0.47388216457701154,
           0.11316524271355421,
           0.2576096299752756
          ],
          [
           -0.054951130060223986,
           -0.11186376504671476,
           0.25168835612637475,
           1,
           -0.059880854376478804,
           0.03798172326557372,
           0.21501260191467153,
           0.11182003554062385,
           -0.0034926208776207873,
           -0.12610029207459855
          ],
          [
           0.012672487919303569,
           0.38024645618478387,
           0.41544026899618514,
           -0.059880854376478804,
           1,
           -0.008076791451271933,
           -0.08108664125413055,
           0.05493254923956591,
           -0.021888108139409054,
           0.052941505159809325
          ],
          [
           0.03348842783383334,
           0.07828242251274019,
           0.15359895270005583,
           0.03798172326557372,
           -0.008076791451271933,
           1,
           0.05829741668397235,
           0.03904736089768173,
           0.8574748167736429,
           0.16305995709146295
          ],
          [
           -0.03277897592536273,
           -0.2162565821748592,
           0.11293622461722087,
           0.21501260191467153,
           -0.08108664125413055,
           0.05829741668397235,
           1,
           -0.0249048915284259,
           0.12204441500854198,
           0.22270260913339066
          ],
          [
           0.04353298670455671,
           0.04191223227807074,
           -0.47388216457701154,
           0.11182003554062385,
           0.05493254923956591,
           0.03904736089768173,
           -0.0249048915284259,
           1,
           0.08035967561132656,
           0.09767172572012285
          ],
          [
           0.01001955906908985,
           0.2569104370428169,
           0.11316524271355421,
           -0.0034926208776207873,
           -0.021888108139409054,
           0.8574748167736429,
           0.12204441500854198,
           0.08035967561132656,
           1,
           0.14701548332117334
          ],
          [
           -0.021626203943088635,
           0.15260685496700915,
           0.2576096299752756,
           -0.12610029207459855,
           0.052941505159809325,
           0.16305995709146295,
           0.22270260913339066,
           0.09767172572012285,
           0.14701548332117334,
           1
          ]
         ],
         "zmax": 1,
         "zmin": -1
        }
       ],
       "layout": {
        "title": "Cryptocurrency Correlations in 2016"
       }
      },
      "text/html": [
       "<div id=\"f5bda7e3-4898-4abc-a430-9a6a27c1f298\" style=\"height: 525px; width: 100%;\" class=\"plotly-graph-div\"></div><script type=\"text/javascript\">require([\"plotly\"], function(Plotly) { window.PLOTLYENV=window.PLOTLYENV || {};window.PLOTLYENV.BASE_URL=\"https://plot.ly\";Plotly.newPlot(\"f5bda7e3-4898-4abc-a430-9a6a27c1f298\", [{\"type\": \"heatmap\", \"z\": [[1.0, 0.034565278520239134, 0.034791418457358524, -0.054951130060223986, 0.012672487919303569, 0.03348842783383334, -0.03277897592536273, 0.04353298670455671, 0.01001955906908985, -0.021626203943088635], [0.034565278520239134, 1.0, 0.1745534137544322, -0.11186376504671476, 0.38024645618478387, 0.07828242251274019, -0.2162565821748592, 0.04191223227807074, 0.2569104370428169, 0.15260685496700915], [0.034791418457358524, 0.1745534137544322, 1.0, 0.25168835612637475, 0.41544026899618514, 0.15359895270005583, 0.11293622461722087, -0.47388216457701154, 0.11316524271355421, 0.2576096299752756], [-0.054951130060223986, -0.11186376504671476, 0.25168835612637475, 1.0, -0.059880854376478804, 0.03798172326557372, 0.21501260191467153, 0.11182003554062385, -0.0034926208776207873, -0.12610029207459855], [0.012672487919303569, 0.38024645618478387, 0.41544026899618514, -0.059880854376478804, 1.0, -0.008076791451271933, -0.08108664125413055, 0.05493254923956591, -0.021888108139409054, 0.052941505159809325], [0.03348842783383334, 0.07828242251274019, 0.15359895270005583, 0.03798172326557372, -0.008076791451271933, 1.0, 0.05829741668397235, 0.03904736089768173, 0.8574748167736429, 0.16305995709146295], [-0.03277897592536273, -0.2162565821748592, 0.11293622461722087, 0.21501260191467153, -0.08108664125413055, 0.05829741668397235, 1.0, -0.0249048915284259, 0.12204441500854198, 0.22270260913339066], [0.04353298670455671, 0.04191223227807074, -0.47388216457701154, 0.11182003554062385, 0.05493254923956591, 0.03904736089768173, -0.0249048915284259, 1.0, 0.08035967561132656, 0.09767172572012285], [0.01001955906908985, 0.2569104370428169, 0.11316524271355421, -0.0034926208776207873, -0.021888108139409054, 0.8574748167736429, 0.12204441500854198, 0.08035967561132656, 1.0, 0.14701548332117334], [-0.021626203943088635, 0.15260685496700915, 0.2576096299752756, -0.12610029207459855, 0.052941505159809325, 0.16305995709146295, 0.22270260913339066, 0.09767172572012285, 0.14701548332117334, 1.0]], \"x\": [\"sent_scaled\", \"popularity\", \"ETH\", \"LTC\", \"XRP\", \"ETC\", \"DASH\", \"XMR\", \"BCH\", \"BTC\"], \"y\": [\"sent_scaled\", \"popularity\", \"ETH\", \"LTC\", \"XRP\", \"ETC\", \"DASH\", \"XMR\", \"BCH\", \"BTC\"], \"colorbar\": {\"title\": \"Pearson Coefficient\"}, \"zmax\": 1.0, \"zmin\": -1.0}], {\"title\": \"Cryptocurrency Correlations in 2016\"}, {\"showLink\": true, \"linkText\": \"Export to plot.ly\"})});</script>"
      ],
      "text/vnd.plotly.v1+html": [
       "<div id=\"f5bda7e3-4898-4abc-a430-9a6a27c1f298\" style=\"height: 525px; width: 100%;\" class=\"plotly-graph-div\"></div><script type=\"text/javascript\">require([\"plotly\"], function(Plotly) { window.PLOTLYENV=window.PLOTLYENV || {};window.PLOTLYENV.BASE_URL=\"https://plot.ly\";Plotly.newPlot(\"f5bda7e3-4898-4abc-a430-9a6a27c1f298\", [{\"type\": \"heatmap\", \"z\": [[1.0, 0.034565278520239134, 0.034791418457358524, -0.054951130060223986, 0.012672487919303569, 0.03348842783383334, -0.03277897592536273, 0.04353298670455671, 0.01001955906908985, -0.021626203943088635], [0.034565278520239134, 1.0, 0.1745534137544322, -0.11186376504671476, 0.38024645618478387, 0.07828242251274019, -0.2162565821748592, 0.04191223227807074, 0.2569104370428169, 0.15260685496700915], [0.034791418457358524, 0.1745534137544322, 1.0, 0.25168835612637475, 0.41544026899618514, 0.15359895270005583, 0.11293622461722087, -0.47388216457701154, 0.11316524271355421, 0.2576096299752756], [-0.054951130060223986, -0.11186376504671476, 0.25168835612637475, 1.0, -0.059880854376478804, 0.03798172326557372, 0.21501260191467153, 0.11182003554062385, -0.0034926208776207873, -0.12610029207459855], [0.012672487919303569, 0.38024645618478387, 0.41544026899618514, -0.059880854376478804, 1.0, -0.008076791451271933, -0.08108664125413055, 0.05493254923956591, -0.021888108139409054, 0.052941505159809325], [0.03348842783383334, 0.07828242251274019, 0.15359895270005583, 0.03798172326557372, -0.008076791451271933, 1.0, 0.05829741668397235, 0.03904736089768173, 0.8574748167736429, 0.16305995709146295], [-0.03277897592536273, -0.2162565821748592, 0.11293622461722087, 0.21501260191467153, -0.08108664125413055, 0.05829741668397235, 1.0, -0.0249048915284259, 0.12204441500854198, 0.22270260913339066], [0.04353298670455671, 0.04191223227807074, -0.47388216457701154, 0.11182003554062385, 0.05493254923956591, 0.03904736089768173, -0.0249048915284259, 1.0, 0.08035967561132656, 0.09767172572012285], [0.01001955906908985, 0.2569104370428169, 0.11316524271355421, -0.0034926208776207873, -0.021888108139409054, 0.8574748167736429, 0.12204441500854198, 0.08035967561132656, 1.0, 0.14701548332117334], [-0.021626203943088635, 0.15260685496700915, 0.2576096299752756, -0.12610029207459855, 0.052941505159809325, 0.16305995709146295, 0.22270260913339066, 0.09767172572012285, 0.14701548332117334, 1.0]], \"x\": [\"sent_scaled\", \"popularity\", \"ETH\", \"LTC\", \"XRP\", \"ETC\", \"DASH\", \"XMR\", \"BCH\", \"BTC\"], \"y\": [\"sent_scaled\", \"popularity\", \"ETH\", \"LTC\", \"XRP\", \"ETC\", \"DASH\", \"XMR\", \"BCH\", \"BTC\"], \"colorbar\": {\"title\": \"Pearson Coefficient\"}, \"zmax\": 1.0, \"zmin\": -1.0}], {\"title\": \"Cryptocurrency Correlations in 2016\"}, {\"showLink\": true, \"linkText\": \"Export to plot.ly\"})});</script>"
      ]
     },
     "metadata": {},
     "output_type": "display_data"
    }
   ],
   "source": [
    "country_hm('USA',1,y17,y18)"
   ]
  }
 ],
 "metadata": {
  "kernelspec": {
   "display_name": "Python 3",
   "language": "python",
   "name": "python3"
  },
  "language_info": {
   "codemirror_mode": {
    "name": "ipython",
    "version": 3
   },
   "file_extension": ".py",
   "mimetype": "text/x-python",
   "name": "python",
   "nbconvert_exporter": "python",
   "pygments_lexer": "ipython3",
   "version": "3.6.5"
  }
 },
 "nbformat": 4,
 "nbformat_minor": 2
}
